ShrineSmallWater,1402,1410,5484,5492
StonePlantMound4,1317,1324,5567,5574
PeacefulCrypt,1294,1318,5416,5432
StoneBoulder,1217,1226,5526,5535
StoneMazeStudy,1180,1194,5524,5532
StoneMazePathBig,1159,1167,5521,5529
StoneMazePathBig,1168,1176,5521,5529
StoneMazePath,1162,1164,5530,5532
StoneMazeLitRoom,1162,1167,5533,5538
StoneMazePath,1159,1161,5536,5538
StoneMazePath,1162,1164,5518,5520
StoneMazePath,1165,1167,5539,5541
StoneMazePath,1165,1167,5530,5532
StoneMazePath,1159,1161,5533,5535
StoneMazePath,1168,1170,5533,5535
StoneMazePath,1162,1164,5539,5541
StoneMazeSpiderRoom,1165,1170,5515,5520
StoneMazePathBig,1174,1182,5506,5514
StoneMazeShootingRange,1174,1182,5536,5541
StoneMazeFountain,1183,1191,5506,5514
StoneMazePath,1168,1170,5530,5532
StoneMazePath,1159,1161,5539,5541
StoneMazePath,1177,1179,5515,5517
StoneMazePath,1186,1188,5524,5526
StoneMazePath,1186,1188,5521,5523
StoneMazePath,1177,1179,5518,5520
StoneMazePath,1180,1182,5533,5535
StoneMazePath,1171,1173,5509,5511
StoneMazePath,1171,1173,5506,5508
StoneMazePath,1171,1173,5512,5514
StoneMazePath,1174,1176,5515,5517
StoneMazePath,1177,1179,5533,5535
StoneMazePath,1168,1170,5536,5538
StoneMazePath,1186,1188,5518,5520
StoneMazePath,1171,1173,5536,5538
StoneMazePath,1180,1182,5515,5517
StoneMazePath,1183,1185,5515,5517
StoneMazePath,1177,1179,5524,5526
StoneMazeEndChest,1192,1194,5509,5511
StoneMazeEndChest,1177,1179,5530,5532
StoneMazePath,1168,1170,5509,5511
StoneMazePath,1171,1173,5515,5517
StoneMazePath,1171,1173,5533,5535
StoneMazePath,1177,1179,5527,5529
StoneMazePath,1186,1188,5515,5517
StoneMazePath,1171,1173,5530,5532
StoneMazePath,1189,1191,5515,5517
StoneMazePath,1177,1179,5521,5523
StoneMazePath,1168,1170,5506,5508
StoneMazePath,1165,1167,5509,5511
StoneMazePath,1174,1176,5533,5535
StoneMazePath,1165,1167,5506,5508
StoneMazePath,1183,1185,5518,5520
StoneMazePath,1168,1170,5512,5514
StoneMazePath,1180,1182,5518,5520
StoneMazePath,1180,1182,5521,5523
StoneMazePath,1174,1176,5530,5532
StoneMazePath,1165,1167,5512,5514
StoneMazePath,1162,1164,5512,5514
StoneMazePath,1162,1164,5515,5517
StoneMazePath,1162,1164,5509,5511
StoneMazePath,1159,1161,5509,5511
StoneMazePath,1159,1161,5512,5514
StoneMazeEndChest,1171,1173,5518,5520
StoneMazeEndChest,1159,1161,5515,5517
StoneMaze,1159,1194,5506,5541
RLCraft_DecentSkeleton,1175,1175,5493,5493
RLCraft_UndergroundRuin2,1170,1180,5488,5495
RLCraft_DecentWitch,1103,1103,5470,5470
RLCraft_UndergroundRuin3,1098,1106,5464,5472
